1.624579999999999913e+01
-5.511220000000000008e-01
1.761250000000000071e+01
2.931420000000000025e-35
1.404689999999999994e+00
1.018900000000000006e+01
1.212379999999999924e+01
1.573029999999999973e+01
1.521439999999999948e+01
1.469849999999999923e+01
1.418280000000000030e+01
1.366929999999999978e+01
1.315850000000000009e+01
1.265210000000000079e+01
1.215090000000000003e+01
1.165130000000000088e+01
1.115600000000000058e+01
1.066479999999999961e+01
1.017689999999999984e+01
9.694739999999999469e+00
9.216590000000000060e+00
8.746639999999999304e+00
8.283030000000000115e+00
7.829799999999999649e+00
7.387509999999999799e+00
6.946799999999999642e+00
6.516460000000000363e+00
6.094459999999999766e+00
5.681259999999999977e+00
5.275949999999999918e+00
4.881280000000000285e+00
4.494950000000000223e+00
4.121590000000000309e+00
3.758999999999999897e+00
3.412049999999999805e+00
3.082139999999999880e+00
2.753740000000000077e+00
2.441689999999999916e+00
2.143250000000000099e+00
1.857760000000000078e+00
1.584710000000000063e+00
1.326140000000000096e+00
1.079970000000000097e+00
8.509139999999999482e-01
6.366300000000000292e-01
4.427090000000000192e-01
2.712780000000000191e-01
1.008909999999999946e-01
-4.861279999999999768e-02
-1.772890000000000021e-01
-2.927040000000000197e-01
-3.868710000000000204e-01
-4.660179999999999878e-01
-5.210350000000000259e-01
1.670139999999999958e+01
1.715700000000000003e+01
1.649249999999999883e-01
3.485360000000000125e-01
5.482489999999999863e-01
7.580179999999999696e-01
9.790929999999999911e-01
1.209459999999999980e+00
-5.325250000000000261e-01
-4.806480000000000197e-01
-4.263739999999999752e-01
-3.491190000000000127e-01
-2.515769999999999951e-01
-1.366060000000000052e-01
1.046560000000000024e+01
1.074220000000000041e+01
1.101849999999999952e+01
1.129490000000000016e+01
1.157119999999999926e+01
1.184750000000000014e+01
1.580389999999999961e+00
1.764049999999999896e+00
1.955330000000000013e+00
2.151440000000000019e+00
2.354340000000000099e+00
2.560799999999999965e+00
2.773239999999999927e+00
2.989570000000000061e+00
3.211520000000000152e+00
3.439309999999999867e+00
3.668540000000000134e+00
3.903960000000000097e+00
4.145310000000000272e+00
4.390329999999999622e+00
4.640380000000000393e+00
4.892960000000000420e+00
5.149589999999999890e+00
5.408750000000000391e+00
5.671400000000000219e+00
5.937680000000000291e+00
6.205440000000000289e+00
6.477319999999999744e+00
6.753210000000000157e+00
7.031349999999999767e+00
7.312660000000000160e+00
7.595139999999999780e+00
7.879909999999999748e+00
8.165340000000000487e+00
8.452080000000000481e+00
8.739219999999999544e+00
9.027260000000000062e+00
9.316910000000000025e+00
9.607160000000000366e+00
9.897869999999999280e+00
