2.590816800999999941e+03
1.385979254099999935e+03
2.660816800999999941e+03
1.211000000000000000e+03
1.035969972800000050e+03
1.718247369999999989e+02
-1.752630000000000021e-01
2.565713052999999945e+03
2.540609594000000016e+03
2.515505923000000166e+03
2.490402287000000342e+03
2.465298860999999761e+03
2.440195233999999800e+03
2.415091514000000188e+03
2.389988045999999940e+03
2.364885419000000184e+03
2.339782858999999917e+03
2.314680769000000055e+03
2.289578402000000096e+03
2.264476102000000083e+03
2.239374120999999832e+03
2.214271725999999944e+03
2.189169475000000148e+03
2.164067187999999987e+03
2.138964641000000029e+03
2.113863340000000335e+03
2.088762330000000020e+03
2.063661618999999973e+03
2.038560711000000083e+03
2.013460201999999981e+03
1.988359386999999970e+03
1.963259028000000171e+03
1.938158046000000013e+03
1.913057549999999992e+03
1.887956482000000051e+03
1.862855303999999933e+03
1.837755529999999908e+03
1.812655805999999984e+03
1.787556783999999880e+03
1.762457392000000027e+03
1.737358748999999989e+03
1.712259376499999917e+03
1.687160773199999994e+03
1.662061417500000061e+03
1.636962490399999979e+03
1.611862838999999894e+03
1.586763177100000121e+03
1.561664606099999901e+03
1.536566374400000086e+03
1.511468835399999989e+03
1.486371149399999922e+03
1.461273533999999927e+03
1.436176038600000084e+03
1.411077685599999995e+03
2.614150051000000076e+03
2.637483550999999807e+03
1.185996428870000045e+03
1.160992537020000100e+03
1.135988585999999941e+03
1.110984433099999933e+03
1.085980681600000025e+03
1.060977032700000109e+03
1.360984474200000022e+03
1.335989697499999920e+03
1.310991727009999977e+03
1.285993693449999910e+03
1.260996016410000038e+03
1.235997974119999981e+03
1.472533109999999965e+02
1.226818770000000001e+02
9.811045020000000250e+01
7.353902379999999539e+01
4.896759360000000072e+01
2.439616529999999983e+01
1.011277723799999990e+03
9.865854526000000533e+02
9.618920633999999836e+02
9.371991170000000011e+02
9.125056256000000303e+02
8.878123150000000123e+02
8.631193153000000393e+02
8.384260725999999977e+02
8.137337714999999889e+02
7.890417119999999613e+02
7.643516139999999268e+02
7.396614779999999882e+02
7.149706169999999474e+02
6.902801460000000588e+02
6.655892219999999497e+02
6.408984169999999949e+02
6.162078320000000531e+02
5.915171799999999394e+02
5.668270740000000387e+02
5.421371050000000196e+02
5.174492419999999129e+02
4.927614349999999490e+02
4.680732209999999895e+02
4.433852660000000014e+02
4.186969819999999913e+02
3.940089980000000196e+02
3.693207800000000134e+02
3.446328790000000026e+02
3.199448160000000030e+02
2.952570910000000026e+02
2.705694379999999910e+02
2.458832699999999818e+02
2.211970919999999978e+02
1.965108979999999974e+02
