2.592070889999999963e+03
1.386247172999999975e+03
2.662070889999999963e+03
1.211000000000000000e+03
1.035754967999999963e+03
1.711923400000000015e+02
-8.076600000000000446e-01
2.566964100000000144e+03
2.541857349999999769e+03
2.516750169999999798e+03
2.491642800000000079e+03
2.466535889999999654e+03
2.441428480000000036e+03
2.416321539999999914e+03
2.391214849999999842e+03
2.366102370000000064e+03
2.340989550000000236e+03
2.315875869999999850e+03
2.290762070000000222e+03
2.265647930000000088e+03
2.240533695000000080e+03
2.215420035999999982e+03
2.190305653000000348e+03
2.165192964999999731e+03
2.140080081000000064e+03
2.114960876999999982e+03
2.089841716999999790e+03
2.064719521999999870e+03
2.039599056000000019e+03
2.014475897999999916e+03
1.989354957000000013e+03
1.964231706000000031e+03
1.939110948000000008e+03
1.913988391000000092e+03
1.888868734000000131e+03
1.863748971999999867e+03
1.838622753999999986e+03
1.813496282999999949e+03
1.788365585000000010e+03
1.763237429000000020e+03
1.738105479000000059e+03
1.712976558999999952e+03
1.687844405000000052e+03
1.662716067000000066e+03
1.637584887999999864e+03
1.612458049000000074e+03
1.587331264000000147e+03
1.562198278999999957e+03
1.537064241999999922e+03
1.511926692000000003e+03
1.486789219999999887e+03
1.461652057999999897e+03
1.436514286999999968e+03
1.411380196999999953e+03
2.615404140000000098e+03
2.638737639999999828e+03
1.185966129299999920e+03
1.160930365299999949e+03
1.135892301000000089e+03
1.110854403999999931e+03
1.085818522999999914e+03
1.060784717000000001e+03
1.361215263999999934e+03
1.336183356999999887e+03
1.311147271000000046e+03
1.286112354000000096e+03
1.261071011600000020e+03
1.236036088900000095e+03
1.466209139999999991e+02
1.220494800000000026e+02
9.747805320000000506e+01
7.290662679999999796e+01
4.833519660000000329e+01
2.376376830000000240e+01
1.011043983999999909e+03
9.863327389999999468e+02
9.616173380000000179e+02
9.369036530000000766e+02
9.121878560000000107e+02
8.874725840000000971e+02
8.627586919999999964e+02
8.380438580000000002e+02
8.133326719999998886e+02
7.886222460000000183e+02
7.639195969999999534e+02
7.392167960000000448e+02
7.145111909999999398e+02
6.898069199999999910e+02
6.651010679999999411e+02
6.403956799999999703e+02
6.156911410000000160e+02
5.909861649999999145e+02
5.662834840000000440e+02
5.415813319999999749e+02
5.168873389999999972e+02
4.921934759999999756e+02
4.674980329999999640e+02
4.428036829999999782e+02
4.181079750000000104e+02
3.934135130000000231e+02
3.687180570000000444e+02
3.440239149999999881e+02
3.193290619999999649e+02
2.946356030000000032e+02
2.699423350000000141e+02
2.452548639999999978e+02
2.205673539999999946e+02
1.958797829999999749e+02
