-6.213010000000000204e-36
-9.612359999999999793e-01
1.843440000000000079e-01
-2.953779999999999995e-36
8.553899999999999837e-01
8.862260000000000187e-36
-3.510829999999999784e-01
-7.594770000000000687e-02
-1.520880000000000010e-01
-2.282500000000000084e-01
-3.043469999999999787e-01
-3.796829999999999927e-01
-4.540739999999999776e-01
-5.268359999999999710e-01
-5.977649999999999908e-01
-6.670479999999999743e-01
-7.347890000000000255e-01
-8.010319999999999663e-01
-8.660930000000000017e-01
-9.291380000000000194e-01
-9.908069999999999933e-01
-1.049670000000000103e+00
-1.106379999999999919e+00
-1.159569999999999990e+00
-1.209060000000000024e+00
-1.256939999999999946e+00
-1.301269999999999927e+00
-1.342689999999999939e+00
-1.381189999999999918e+00
-1.416979999999999906e+00
-1.449379999999999891e+00
-1.479000000000000092e+00
-1.504539999999999988e+00
-1.526629999999999932e+00
-1.543819999999999970e+00
-1.555660000000000043e+00
-1.565909999999999913e+00
-1.570969999999999978e+00
-1.571630000000000082e+00
-1.568310000000000093e+00
-1.561029999999999918e+00
-1.549500000000000099e+00
-1.534140000000000059e+00
-1.513840000000000074e+00
-1.489179999999999948e+00
-1.458700000000000108e+00
-1.421740000000000004e+00
-1.383299999999999974e+00
-1.338780000000000081e+00
-1.288249999999999895e+00
-1.233919999999999906e+00
-1.173680000000000057e+00
-1.109399999999999942e+00
-1.038640000000000008e+00
6.147890000000000299e-02
1.229250000000000065e-01
1.371110000000000106e-01
2.726140000000000230e-01
4.050300000000000011e-01
5.339789999999999814e-01
6.565659999999999830e-01
7.711160000000000236e-01
-8.363990000000000036e-01
-7.039670000000000094e-01
-5.667360000000000175e-01
-4.271369999999999889e-01
-2.842859999999999832e-01
-1.423449999999999993e-01
-4.990800000000000097e-02
-9.993810000000000193e-02
-1.501089999999999924e-01
-2.003060000000000118e-01
-2.505809999999999982e-01
-3.008239999999999803e-01
9.059009999999999563e-01
9.470129999999999937e-01
9.791159999999999863e-01
1.005609999999999893e+00
1.024389999999999912e+00
1.039239999999999942e+00
1.047760000000000025e+00
1.052259999999999973e+00
1.051180000000000003e+00
1.044300000000000006e+00
1.039169999999999927e+00
1.027700000000000058e+00
1.010159999999999947e+00
9.889109999999999845e-01
9.626609999999999889e-01
9.339530000000000332e-01
9.014459999999999695e-01
8.666279999999999539e-01
8.287360000000000282e-01
7.876589999999999980e-01
7.482670000000000154e-01
7.052140000000000075e-01
6.585980000000000167e-01
6.099839999999999707e-01
5.585400000000000365e-01
5.060780000000000278e-01
4.515750000000000042e-01
3.965069999999999983e-01
3.402800000000000269e-01
2.837100000000000177e-01
2.263620000000000076e-01
1.706280000000000019e-01
1.142600000000000005e-01
5.737049999999999789e-02
