2.591887694000000010e+03
1.386226427000000058e+03
2.661887694000000010e+03
1.211000000000000000e+03
1.035724940999999944e+03
1.710170770000000005e+02
-9.829229999999999912e-01
2.566781400000000303e+03
2.541675197000000026e+03
2.516568588000000091e+03
2.491461839999999938e+03
2.466355502999999771e+03
2.441248716999999942e+03
2.416142309000000296e+03
2.391036145999999917e+03
2.365925290000000132e+03
2.340814160000000356e+03
2.315702385999999933e+03
2.290590470000000096e+03
2.265478285000000142e+03
2.240366066000000046e+03
2.215254261999999926e+03
2.190141878000000361e+03
2.165030902999999853e+03
2.139919722000000093e+03
2.114803467000000182e+03
2.089687296999999944e+03
2.064568640999999843e+03
2.039451397000000043e+03
2.014331969999999956e+03
1.989214343999999983e+03
1.964094864000000143e+03
1.938977363999999852e+03
1.913858441000000084e+03
1.888741847000000007e+03
1.863625144999999975e+03
1.838503283999999894e+03
1.813381219000000101e+03
1.788255738999999949e+03
1.763132321999999931e+03
1.738005857999999989e+03
1.712881804999999986e+03
1.687755177999999887e+03
1.662631615000000011e+03
1.637505748000000040e+03
1.612383387999999968e+03
1.587261071000000129e+03
1.562133754999999837e+03
1.537005615999999918e+03
1.511874657999999954e+03
1.486743739999999889e+03
1.461613092000000051e+03
1.436481956000000082e+03
1.411353752999999870e+03
2.615220944000000145e+03
2.638554443999999876e+03
1.185962558200000103e+03
1.160922902300000032e+03
1.135880887000000030e+03
1.110838837000000012e+03
1.085799205000000029e+03
1.060761749999999893e+03
1.361199738000000025e+03
1.336173054999999977e+03
1.311138997999999901e+03
1.286106048000000101e+03
1.261067027999999937e+03
1.236034063000000060e+03
1.464456509999999980e+02
1.218742170000000016e+02
9.730279020000000401e+01
7.273136379999999690e+01
4.815993360000000223e+01
2.358850530000000134e+01
1.011007437999999979e+03
9.862895909999999731e+02
9.615665299999999434e+02
9.368456290000000308e+02
9.121220700000000079e+02
8.873991570000000593e+02
8.626779950000000099e+02
8.379556489999999940e+02
8.132378919999999880e+02
7.885210749999999962e+02
7.638140589999999293e+02
7.391068510000000060e+02
7.143961150000000089e+02
6.896870420000000195e+02
6.649759960000000092e+02
6.402655330000000049e+02
6.155561390000000301e+02
5.908461790000000065e+02
5.661391230000000405e+02
5.414327319999999872e+02
5.167366049999999404e+02
4.920406349999999520e+02
4.673426769999999806e+02
4.426461009999999874e+02
4.179478110000000015e+02
3.932510940000000232e+02
3.685531190000000379e+02
3.438568050000000085e+02
3.191595899999999801e+02
2.944641359999999963e+02
2.697689149999999927e+02
2.450809899999999857e+02
2.203930170000000146e+02
1.957049659999999847e+02
