1.624579999999999913e+01
4.101139999999999786e-01
1.742820000000000036e+01
3.226800000000000189e-35
5.493019999999999570e-01
1.018900000000000006e+01
1.247489999999999988e+01
1.580630000000000024e+01
1.536650000000000027e+01
1.492680000000000007e+01
1.448719999999999963e+01
1.404899999999999949e+01
1.361250000000000071e+01
1.317900000000000027e+01
1.274859999999999971e+01
1.231830000000000069e+01
1.189070000000000071e+01
1.146579999999999977e+01
1.104299999999999926e+01
1.062390000000000079e+01
1.020739999999999981e+01
9.796310000000000073e+00
9.389409999999999812e+00
8.989369999999999195e+00
8.596569999999999823e+00
8.203739999999999810e+00
7.817730000000000068e+00
7.437149999999999928e+00
7.062450000000000117e+00
6.692940000000000111e+00
6.330659999999999954e+00
5.973950000000000315e+00
5.626120000000000232e+00
5.285619999999999763e+00
4.955869999999999997e+00
4.637800000000000367e+00
4.319650000000000212e+00
4.012660000000000338e+00
3.714869999999999894e+00
3.426060000000000105e+00
3.145739999999999981e+00
2.875640000000000196e+00
2.614110000000000156e+00
2.364759999999999973e+00
2.125809999999999977e+00
1.901410000000000045e+00
1.693009999999999904e+00
1.484189999999999898e+00
1.290170000000000039e+00
1.110959999999999948e+00
9.412110000000000198e-01
7.868089999999999806e-01
6.433769999999999767e-01
5.176020000000000065e-01
1.663990000000000080e+01
1.703409999999999869e+01
2.781370000000000023e-02
7.592200000000000337e-02
1.432190000000000130e-01
2.240389999999999882e-01
3.225270000000000081e-01
4.383420000000000094e-01
3.038739999999999775e-01
2.233189999999999897e-01
1.403619999999999868e-01
7.801750000000000351e-02
3.270970000000000127e-02
5.739020000000000059e-03
1.051549999999999940e+01
1.084210000000000029e+01
1.116869999999999941e+01
1.149520000000000053e+01
1.182179999999999964e+01
1.214830000000000076e+01
6.744900000000000340e-01
8.170330000000000092e-01
9.762110000000000509e-01
1.145829999999999904e+00
1.329949999999999966e+00
1.521560000000000024e+00
1.725479999999999903e+00
1.937310000000000088e+00
2.160340000000000149e+00
2.395010000000000083e+00
2.629379999999999828e+00
2.876269999999999882e+00
3.135149999999999881e+00
3.401419999999999888e+00
3.677709999999999813e+00
3.959000000000000075e+00
4.248140000000000249e+00
4.542119999999999713e+00
4.842670000000000030e+00
5.150019999999999598e+00
5.457180000000000142e+00
5.772109999999999630e+00
6.094610000000000305e+00
6.421359999999999957e+00
6.754120000000000346e+00
7.089059999999999917e+00
7.428340000000000387e+00
7.768830000000000346e+00
8.111800000000000566e+00
8.455510000000000304e+00
8.800900000000000389e+00
9.146280000000000854e+00
9.492900000000000560e+00
9.840500000000000469e+00
