-0.002062785181106188
-0.002064729047507292
-0.0020338676533885403
-0.002019983170424937
-0.0019922928872085238
-0.0020100379198534774
-0.00199559767737858
-0.0020359748770589054
-0.001998827864530255
-0.002063856581012623
-0.002072300440004745
-0.0020446132682696576
-0.0020733012135785035
-0.002074543783348357
-0.002017410144532715
-0.0020474374350002065
-0.001962844989551546
-0.0019899450833530162
-0.0019393151111987167
-0.0019334978100134816
-0.0019232451181564194
-0.001898491096490211
-0.0019331893194747798
-0.0018758543755994915
-0.00192635746258493
-0.0018899500051176204
-0.0019235820579755606
-0.0019534277166790904
-0.001944694065968116
-0.0020095103477992204
-0.001972233913843809
-0.0019515130447603658
-0.0019547521863259084
-0.0019820781236218193
-0.001918711629890988
-0.00204052381921446
-0.0018909461833677707
-0.0020024341430232104
-0.0018746814174854787
-0.001966908188054023
-0.0018779478907569463
-0.00193650546318603
-0.0019089711463699136
-0.00189224553944317
-0.0019173418039428946
-0.0019041719548346595
-0.0019152167773874662
-0.0019309107996296603
-0.0019305661312298671
-0.0019991859114427404
-0.0019453855199138047
-0.002056438812926943
-0.0019939920060241937
-0.0020194604094766126
-0.00203262538486338
-0.001982596824640399
-0.0020146795624817583
-0.001956726125236029
-0.0020008457274407867
-0.0019379923054148374
-0.0019841419293461695
-0.0019251255352637036
-0.0019747512534719672
-0.0019229808262337458
-0.0019638820884894754
-0.0019240695489803907
-0.001961370450571199
-0.0019549567107600536
-0.0019455866816407465
-0.001968249929850364
-0.0019588726203659925
-0.0019734639969048447
-0.0020070225349397884
-0.002003086877401699
-0.0020461296778509592
-0.0020242961857261364
-0.002026907617935355
-0.0020203351031238674
-0.0020103154249860415
-0.002019773595986475
-0.0019963531547435623
-0.002022036326362886
-0.0020145749067547215
-0.0019927652284917195
-0.0020199826794090434
-0.001981479641919505
-0.00201912838335157
-0.001979064515012146
-0.0020181779347049384
-0.00198622610940991
-0.002017522009686417
-0.0020168202512930735
-0.0019920150232402784
-0.002015705430351404
-0.002017672592094912
-0.0020147575282042315
-0.0020371210684670986
-0.0020312716305142843
-0.002029411791623132
-0.0020241868963399067
-0.0020214767444842936
-0.0020213669335723324
-0.0020196216836339616
-0.002028224288801717
-0.0020321821711685745
-0.0020314398080269395
-0.0020306577658440305
-0.0020297043026893512
