0.021047937336043137
0.021048103110689522
0.021044710626720347
0.02104048673361499
0.02102800715263979
0.021028720241206875
0.021014635846240422
0.021035407183005242
0.02103340893357681
0.021045562361399518
0.021044859162550337
0.021056395524782844
0.021028017118758815
0.021061631426043597
0.021027516365362858
0.02104738790146422
0.021028801803039412
0.021015520912763992
0.021023798967159727
0.020984599403079993
0.021022580760835363
0.020994390990266537
0.02101217493296357
0.020998775881564576
0.021005357353924618
0.020985364401783363
0.021017565231504456
0.020981804526694552
0.021024268084254335
0.020976096368425137
0.02102132727291988
0.021000487721477112
0.02098721534716259
0.021027449681129563
0.02093515835871256
0.021032366912732404
0.0209920692409171
0.02097826260826218
0.021027853346463444
0.020944834664156947
0.020892537121634636
0.020945246617979266
0.020900760252311173
0.020853822131916847
0.020766487960795676
0.02073860060479425
0.020738280417953586
0.02063755921689469
0.020527908630815418
0.02054717998249398
0.020502682284671225
0.02043315844612422
0.020333323727928152
0.02029695243613092
0.02026556134592381
0.020297261624001986
0.020020738143342647
0.019581883907430937
0.019261298247960065
0.0191579011767342
0.01910163641962953
0.019076154266158905
0.01906872951648816
0.019028524844562352
0.01903290363753955
0.018985413541232107
0.018929942497918018
0.018871815956168134
0.018898281063731467
0.018869147438357367
0.018841599324644714
0.0187544859605243
0.01867663166980459
0.01872606150187114
0.018658772570119986
0.018613468183231556
0.018534644754075676
0.01845961958138084
0.01852164185808275
0.01849824062316904
0.018424217866051716
0.018423737824517276
0.01841582820730224
0.018405043624707212
0.01842400050472233
0.01842388169754738
0.01836723052174134
0.018334065922800513
0.01835886475364692
0.018318912328153858
0.018294396922317387
0.018321661483335
0.01828168440600479
0.01828808347284103
0.01828072628111727
0.0182820603616977
0.018259056968876277
0.018289328406850276
0.01827914815599835
0.01829087921737052
0.018303418883100702
0.018288324867575825
0.018281788660208402
0.018257355259535472
0.018245703656535394
0.01823887968472566
0.018238734565301565
0.018229988016103666
