0.016481284411886413
0.016479912883648393
0.016477698609012787
0.016476459276123814
0.016474707685554407
0.01647358402362646
0.01647173328624268
0.01647075834418263
0.016468792362593417
0.016468723468325622
0.016467676829324034
0.01646459637914994
0.016472515594570254
0.016484115509603454
0.016483256146207024
0.016484331823191437
0.016478543749410938
0.01647292850829325
0.016463123366085363
0.01645409195114339
0.016440438739975714
0.016428955523026215
0.016415963245236306
0.016429461821205825
0.016445970315180504
0.01644764086799309
0.016447976862031626
0.016440085228253753
0.016429254410212733
0.01641322261748676
0.016392529889156713
0.016366665153796103
0.016341041198344706
0.01635958101073398
0.016380687015956713
0.016384487424526094
0.01638496647544871
0.01637496274023719
0.016360774467077892
0.016338285156240664
0.01631042988478138
0.01627198188938523
0.01623551548120522
0.016201210456636708
0.01640656260119202
0.016664826487750518
0.016853134546491635
0.01703418632063712
0.017224881434564646
0.017365642592675444
0.01757010019184403
0.017843588296833624
0.017996434624878963
0.018205648102222482
0.01833297062678924
0.01850914384709373
0.01870312465275768
0.018790701842714426
0.01888029024015366
0.018925265835622082
0.01895979598384079
0.018955187870113587
0.018943779111438182
0.018874622222074918
0.01881280505957292
0.018899926383392055
0.018992172156317957
0.019053007776737893
0.019102437270559318
0.019134048331492716
0.019146833404295193
0.019148651403139347
0.01911942312899228
0.019088491224876797
0.01900247522842299
0.018929160308085616
0.018989639441560218
0.019051462876894073
0.019096287577878103
0.01913078856310816
0.01915555079053505
0.01916522955692627
0.019168971793313064
0.01914794610136487
0.019128022124343527
0.019064016928102195
0.019011246463199207
0.019043515775540903
0.019072594379447166
0.019097829726565107
0.0191154756901622
0.01912653048688927
0.019133629078280177
0.019125740709773607
0.019119163347884723
0.019082794918779792
0.01905480092944866
0.01906398886941201
0.019066709840542234
0.019075793574338647
0.01908043925817955
0.019080945856201847
0.019084369043480362
0.019070880025230205
0.01906497904923341
0.019065953901408115
0.01906836624731174
0.01906930805352894