-0.00203586495587592
-0.0020356996673047477
-0.00203586495587592
-0.00203586495587592
-0.002035699667304745
-0.00203586495587592
-0.0020356996673047477
-0.002035716196161869
-0.0020365789619804986
-0.0020333922076839414
-0.0020328377557675887
-0.00203573272501899
-0.0020135207475924636
-0.001982669697783149
-0.0019763157893503197
-0.00196531288737145
-0.001967923647942309
-0.0019693341697071733
-0.0019791481422386354
-0.001987516683419762
-0.002003044237335808
-0.00201601779727677
-0.0020329228192924177
-0.0019929947379006604
-0.0019435393504601331
-0.0019277536793429581
-0.0019113505757686446
-0.0019124737735429248
-0.0019187944702895347
-0.0019353516053503658
-0.0019591458486721658
-0.001993575601311796
-0.0020304434906834867
-0.0019713119550176894
-0.0019008763131179182
-0.0018752213321287267
-0.0018505614307554761
-0.001850368532778953
-0.0018580047231150296
-0.00188280306795636
-0.0019165034399657025
-0.001971894829176627
-0.0020279724264784154
-0.0020535838900586573
-0.002011489307164342
-0.001961622886450639
-0.0019614864741010797
-0.001965095979188564
-0.0020072922262763665
-0.002052535960591526
-0.002013352915519886
-0.001989001126458301
-0.001983455150176549
-0.0020192000477010745
-0.0020529739752746653
-0.0020600806572282125
-0.0020515508407727458
-0.001997393050669474
-0.0019442672681962401
-0.0019221500308576256
-0.001906978293505921
-0.001920925565316519
-0.001937481080898251
-0.0019991823567173527
-0.0020529227358211982
-0.001999151585829443
-0.0019436425738921861
-0.0019088971880999825
-0.0018822004875778515
-0.0018670955682944061
-0.0018659128961868996
-0.0018712816548478019
-0.0018999075932456448
-0.0019275495992572853
-0.001996796153912515
-0.0020551045447979983
-0.002019164902334409
-0.0019835577873101367
-0.0019587719863650675
-0.0019408927905981614
-0.0019290363673547751
-0.0019278870645649726
-0.001929958393314153
-0.0019497661794697276
-0.0019674665909820495
-0.0020168428133638667
-0.00205726982489957
-0.0020388644121140244
-0.0020232590810896262
-0.0020100988763486114
-0.0020015010874146573
-0.001997404185967756
-0.001995754886130201
-0.0020040190801297584
-0.0020109504217316362
-0.0020380296409332026
-0.0020591706432934484
-0.002054038006581649
-0.002053014517306388
-0.002048608801374502
-0.0020466167977226165
-0.0020472816430841725
-0.002046316795694157
-0.002055874081094785
-0.0020606582402869725
-0.0020606582402869725
-0.002060492951732587
-0.002060492951732587