12.4749
12.1483
11.8218
11.4952
11.1687
10.8421
10.5155
10.189
9.8405
9.4929
9.14628
8.8009
8.45551
8.1118
7.76883
7.42834
7.08906
6.75412
6.42136
6.09461
5.77211
5.45718
5.15002
4.84267
4.54212
4.24814
3.959
3.67771
3.40142
3.13515
2.87627
2.62938
2.39501
2.16034
1.93731
1.72548
1.52156
1.32995
1.14583
0.976211
0.817033
0.67449
0.549302
0.438342
0.322527
0.224039
0.143219
0.075922
0.0278137
3.2268e-35
0.00573902
0.0327097
0.0780175
0.140362
0.223319
0.303874
0.410114
0.517602
0.643377
0.786809
0.941211
1.11096
1.29017
1.48419
1.69301
1.90141
2.12581
2.36476
2.61411
2.87564
3.14574
3.42606
3.71487
4.01266
4.31965
4.6378
4.95587
5.28562
5.62612
5.97395
6.33066
6.69294
7.06245
7.43715
7.81773
8.20374
8.59657
8.98937
9.38941
9.79631
10.2074
10.6239
11.043
11.4658
11.8907
12.3183
12.7486
13.179
13.6125
14.049
14.4872
14.9268
15.3665
15.8063
16.2458
16.6399
17.0341
17.4282