12.1238
11.8475
11.5712
11.2949
11.0185
10.7422
10.4656
10.189
9.89787
9.60716
9.31691
9.02726
8.73922
8.45208
8.16534
7.87991
7.59514
7.31266
7.03135
6.75321
6.47732
6.20544
5.93768
5.6714
5.40875
5.14959
4.89296
4.64038
4.39033
4.14531
3.90396
3.66854
3.43931
3.21152
2.98957
2.77324
2.5608
2.35434
2.15144
1.95533
1.76405
1.58039
1.40469
1.20946
0.979093
0.758018
0.548249
0.348536
0.164925
2.93142e-35
-0.136606
-0.251577
-0.349119
-0.426374
-0.480648
-0.532525
-0.551122
-0.521035
-0.466018
-0.386871
-0.292704
-0.177289
-0.0486128
0.100891
0.271278
0.442709
0.63663
0.850914
1.07997
1.32614
1.58471
1.85776
2.14325
2.44169
2.75374
3.08214
3.41205
3.759
4.12159
4.49495
4.88128
5.27595
5.68126
6.09446
6.51646
6.9468
7.38751
7.8298
8.28303
8.74664
9.21659
9.69474
10.1769
10.6648
11.156
11.6513
12.1509
12.6521
13.1585
13.6693
14.1828
14.6985
15.2144
15.7303
16.2458
16.7014
17.157
17.6125