-0.351083
-0.300824
-0.250581
-0.200306
-0.150109
-0.0999381
-0.049908
8.86226e-36
0.0573705
0.11426
0.170628
0.226362
0.28371
0.34028
0.396507
0.451575
0.506078
0.55854
0.609984
0.658598
0.705214
0.748267
0.787659
0.828736
0.866628
0.901446
0.933953
0.962661
0.988911
1.01016
1.0277
1.03917
1.0443
1.05118
1.05226
1.04776
1.03924
1.02439
1.00561
0.979116
0.947013
0.905901
0.85539
0.771116
0.656566
0.533979
0.40503
0.272614
0.137111
-2.95378e-36
-0.142345
-0.284286
-0.427137
-0.566736
-0.703967
-0.836399
-0.961236
-1.03864
-1.1094
-1.17368
-1.23392
-1.28825
-1.33878
-1.3833
-1.42174
-1.4587
-1.48918
-1.51384
-1.53414
-1.5495
-1.56103
-1.56831
-1.57163
-1.57097
-1.56591
-1.55566
-1.54382
-1.52663
-1.50454
-1.479
-1.44938
-1.41698
-1.38119
-1.34269
-1.30127
-1.25694
-1.20906
-1.15957
-1.10638
-1.04967
-0.990807
-0.929138
-0.866093
-0.801032
-0.734789
-0.667048
-0.597765
-0.526836
-0.454074
-0.379683
-0.304347
-0.22825
-0.152088
-0.0759477
-6.21301e-36
0.0614789
0.122925
0.184344