-6.39058
-6.25167
-6.11275
-5.97384
-5.83493
-5.69601
-5.5571
-5.41819
-5.25738
-5.06766
-4.87828
-4.71845
-4.57043
-4.40357
-4.22696
-4.04499
-3.86141
-3.67983
-3.49859
-3.32135
-3.15201
-2.99557
-2.86211
-2.73232
-2.58591
-2.4313
-2.27164
-2.11164
-1.95345
-1.79976
-1.65617
-1.52735
-1.42452
-1.32824
-1.21769
-1.10057
-0.979671
-0.859473
-0.741985
-0.630031
-0.529446
-0.445272
-0.389432
-0.325587
-0.279094
-0.212913
-0.140201
-0.071098
-0.0178494
-1.21177e-34
-0.0194386
-0.0673184
-0.126596
-0.185289
-0.229848
-0.294295
-0.364061
-0.424418
-0.511024
-0.612023
-0.721912
-0.833868
-0.942586
-1.0472
-1.14241
-1.24492
-1.36943
-1.50703
-1.65322
-1.80484
-1.95927
-2.11791
-2.27811
-2.43707
-2.59187
-2.73641
-2.88642
-3.05655
-3.23835
-3.42756
-3.6211
-3.81632
-4.01464
-4.2134
-4.40975
-4.60052
-4.77915
-4.96138
-5.16239
-5.37381
-5.59222
-5.81341
-6.03558
-6.25718
-6.47441
-6.68459
-6.88073
-7.07943
-7.29672
-7.52372
-7.75704
-7.99056
-8.21826
-8.43718
-8.63905
-8.81846
-8.99788
-9.17729
