-6.46712
-6.31728
-6.16743
-6.01758
-5.86773
-5.71788
-5.56803
-5.41819
-5.24091
-5.02726
-4.81402
-4.63798
-4.47679
-4.2919
-4.09474
-3.89083
-3.6849
-3.48149
-3.2785
-3.08055
-2.89253
-2.72075
-2.57788
-2.43963
-2.28047
-2.11099
-1.93515
-1.75889
-1.58491
-1.41658
-1.26096
-1.12393
-1.01959
-0.9235
-0.809449
-0.687144
-0.56007
-0.433885
-0.311108
-0.195294
-0.0937832
-0.0129201
0.0322947
0.0507044
0.0625631
0.0601681
0.0503549
0.0365471
0.01984
-1.13577e-34
-0.0592574
-0.177515
-0.31558
-0.444043
-0.52701
-0.648204
-0.773848
-0.847764
-0.942752
-1.04929
-1.16297
-1.27831
-1.39105
-1.5005
-1.60239
-1.71015
-1.83556
-1.97149
-2.11431
-2.26149
-2.41093
-2.56374
-2.71781
-2.87088
-3.02062
-3.16211
-3.308
-3.47004
-3.64144
-3.81881
-3.99964
-4.18182
-4.36649
-4.55151
-4.7346
-4.91321
-5.08207
-5.25382
-5.44065
-5.63584
-5.83664
-6.03967
-6.24348
-6.44685
-6.64669
-6.84088
-7.02381
-7.20878
-7.40867
-7.61637
-7.82914
-8.04206
-8.25032
-8.45153
-8.63905
-8.80674
-8.97444
-9.14214