-0.0765461
-0.0656109
-0.0546758
-0.0437406
-0.0328055
-0.0218703
-0.0109351
1.66656e-35
0.0164699
0.0404045
0.0642524
0.0804691
0.0936402
0.111672
0.132223
0.154157
0.176507
0.19834
0.220085
0.240799
0.259472
0.274815
0.284227
0.292691
0.305444
0.320315
0.33649
0.352752
0.368547
0.383182
0.395208
0.403422
0.404927
0.404741
0.408239
0.41343
0.419601
0.425589
0.430877
0.434737
0.435663
0.432352
0.421726
0.376291
0.341657
0.273081
0.190556
0.107645
0.0376894
7.60049e-36
-0.0398188
-0.110197
-0.188984
-0.258754
-0.297162
-0.35391
-0.409787
-0.423346
-0.431728
-0.437272
-0.441062
-0.444445
-0.448466
-0.453296
-0.459982
-0.465226
-0.466134
-0.464459
-0.461091
-0.45665
-0.451656
-0.445832
-0.4397
-0.433812
-0.428744
-0.425702
-0.42158
-0.413489
-0.403097
-0.391243
-0.378536
-0.365497
-0.351848
-0.33811
-0.324849
-0.312688
-0.302921
-0.292445
-0.278264
-0.26203
-0.244417
-0.226257
-0.207904
-0.189662
-0.172283
-0.156295
-0.143073
-0.12935
-0.111959
-0.0926518
-0.0720984
-0.0515077
-0.0320623
-0.0143488
-1.16836e-35
0.0117174
0.0234349
0.0351522