0.0
24.5714283
49.1428566
73.7142868
98.2857132
122.85714
147.428574
172.0
196.685715
221.371429
246.057144
270.742859
295.428558
320.114288
344.799988
369.485718
394.171417
418.857147
443.542847
468.228577
492.914276
517.599976
542.285706
566.971436
591.657166
616.342834
641.028564
665.714294
690.400024
715.085693
739.771423
764.457153
789.142883
813.828552
838.514282
863.200012
887.885742
912.571411
937.257141
961.942871
986.628601
1011.31427
1036.0
1061.0
1086.0
1111.0
1136.0
1161.0
1186.0
1211.0
1236.0
1261.0
1286.0
1311.0
1336.0
1361.0
1386.0
1411.10413
1436.20837
1461.3125
1486.41663
1511.52087
1536.625
1561.72913
1586.83337
1611.9375
1637.04163
1662.14587
1687.25
1712.35413
1737.45837
1762.5625
1787.66663
1812.77087
1837.875
1862.97913
1888.08337
1913.1875
1938.29163
1963.39587
1988.5
2013.60413
2038.70837
2063.8125
2088.91675
2114.02075
2139.125
2164.22925
2189.33325
2214.4375
2239.54175
2264.64575
2289.75
2314.85425
2339.95825
2365.0625
2390.16675
2415.27075
2440.375
2465.47925
2490.58325
2515.6875
2540.79175
2565.89575
2591.0
2614.33325
2637.66675
2661.0